2[[array([ 1.79451638,  0.69208849,  0.72145652, -1.74603421]), array([-0.41903566,  0.02713348,  0.11800026,  0.41682952]), array([ 0.75790233, -0.63745198, -0.36966205, -1.48512478]), array([ 0.35329131, -2.3387188 , -0.36638208, -0.69100156]), array([ 0.80467365,  0.30638493,  1.65131663, -1.45503839]), array([-0.23043313, -1.44244127, -1.47827727, -0.04733396]), array([ 0.98754104,  0.08991771, -1.73325148, -0.69698058]), array([ 1.60382583,  0.62216819, -1.04054977, -0.10150474]), array([-0.44367198,  1.73322064,  0.2522007 ,  1.4542593 ]), array([0.48937824, 0.51050214, 0.00788254, 1.43524917]), array([-0.92791934, -1.14063698,  1.36767236,  0.05975786]), array([ 0.70569209,  0.11633058, -1.47049165,  1.4086227 ]), array([-2.29948357,  0.69952542,  0.91589558,  0.86218985, -1.09207355,
       -1.21806701, -1.19574523, -0.84038476,  0.6907957 ,  1.94356109,
        0.07970446,  0.55583627])], [array([-0.59676399, -1.69247526,  0.29830484, -0.42952406]), array([-0.76139505, -1.51588376, -0.58792125,  0.36285403]), array([ 0.11988457, -0.50974281,  0.99825879,  0.08903448]), array([ 1.63586306, -0.04846976,  0.18341373,  0.09702013]), array([ 1.48172522,  0.49926097,  0.78780988, -0.7140461 ]), array([ 0.06594095, -0.18148364,  0.26669683, -1.29495661]), array([ 0.34798707, -0.8659409 , -0.33730542,  0.92858048]), array([0.29564288, 0.77584188, 0.03859837, 0.80378833]), array([-0.27358434, -0.08733255, -0.31750865,  0.79175857]), array([-1.23072202, -0.58647581, -1.56235723, -0.36728246]), array([-1.52957002,  0.32083798,  2.29489844,  1.2336043 ]), array([ 0.59302464, -0.5292081 , -0.8458451 ,  0.1628757 ]), array([ 1.1549712 , -0.14601971, -0.82268981, -0.80889267,  0.70912918,
        1.10384263, -0.99151694,  1.28196011, -0.48072734,  0.43446739,
        0.65298223, -0.78243747])], [array([ 0.26150771, -0.74499714]), array([1.74404245, 0.07440065]), array([-0.46712869,  0.3180211 ]), array([-0.78029787, -1.84992841]), array([-0.83246595, -0.0431206 ]), array([0.47834664, 0.5290499 ]), array([ 0.73303599,  0.67857789,  0.05804157, -0.29725504,  0.05285934,
        0.69977185])]]・[[array([0.02041217, 0.24157918, 0.92373369, 0.5828227 ]), array([ 0.37809884, -1.88396373, -1.4428829 ,  1.62582671]), array([ 0.27862075, -0.39356935,  0.57594728, -0.7307038 ]), array([-0.20966641,  0.31183656, -0.6158535 ,  0.13557401]), array([-0.01496644,  0.4358629 , -0.35835554, -0.35116761]), array([ 0.02998901, -0.2696749 ,  0.68256187, -0.29958598]), array([ 2.19508318, -0.70549004, -0.51713316, -0.31940214]), array([ 0.24722303, -0.92868438,  1.01929268, -0.387778  ]), array([-0.7997962 , -0.88186625,  1.66394291, -0.02301014]), array([-0.18443887,  1.01106801, -0.18661271, -0.67853624]), array([-1.24836144,  0.93012126, -0.64380688, -1.38153333]), array([-1.52943814, -0.57196228, -0.1367111 , -0.1333978 ]), array([ 0.92908305,  0.33584831, -1.34053855, -1.05462632, -0.29238547,
        0.11449591,  0.26731372,  0.6072398 , -0.31424688,  0.4304851 ,
        1.5382245 , -0.52822393])], [array([-1.0885687 , -0.32759402,  1.36668407, -1.52658937]), array([ 0.00607191,  0.86455106,  0.97197637, -1.07139892]), array([ 1.14354066, -0.01426727, -0.09819865, -0.29123269]), array([ 0.99137328, -1.81161408,  0.18601482,  0.66343748]), array([ 0.40551007,  0.8659343 , -1.8772563 , -0.32893271]), array([ 0.23232004,  0.08744043, -2.14386876,  0.52634194]), array([-1.44580385,  0.91067967, -0.0888991 ,  2.60066187]), array([ 1.48980703, -1.2871581 ,  0.08951623,  2.29315033]), array([-1.83370868, -1.70028389,  0.05735777,  1.11214375]), array([-1.01700261,  1.54588066,  0.29624812,  0.19877308]), array([-0.55269455,  0.2087247 , -0.22772135, -0.3989759 ]), array([ 0.57152674, -0.16471696,  0.10771656, -0.78925535]), array([ 0.27530911, -0.93678501,  2.00154061,  0.0908908 ,  1.26119484,
       -1.22650313, -1.10065607, -0.48558218, -0.4662999 , -0.54240779,
        0.10050231,  0.38167226])], [array([0.31673431, 1.0791567 ]), array([ 0.11482405, -0.59184686]), array([-0.15288751, -0.19228464]), array([-0.6201247 , -0.23606236]), array([1.77665073, 1.86483922]), array([-1.34657001,  0.25943256]), array([-1.46805877, -0.3659234 ,  0.87809684, -0.48070216, -0.77265083,
        0.45243139])]]・[[array([ 0.34856119,  0.7485949 ,  0.64333523, -1.04031293]), array([-0.26543137, -0.4564507 ,  0.60775067,  1.15712797]), array([ 0.31440948, -0.18895793,  1.5003768 , -1.6376439 ]), array([ 0.89185936, -0.33378411, -0.09659387,  1.21562041]), array([ 0.85552017, -0.8525248 , -1.37632916,  2.21776446]), array([ 1.4905009 ,  0.21653219,  0.95532363, -1.73199502]), array([-1.34597503, -0.77914502,  0.15981289,  1.09477188]), array([-0.88587659,  0.21906369, -0.75871336,  0.62614544]), array([-0.280961  ,  1.05784166, -0.31569372, -0.65746902]), array([ 0.28715614,  1.10363848, -0.82661382,  1.76111425]), array([-1.83741808, -0.92911555,  0.36195116, -0.40198899]), array([-1.45899576,  1.15653884,  0.46016375, -1.0006621 ]), array([-0.1871943 , -0.80128122,  0.42828101, -1.25262219,  0.46880696,
       -0.21954142,  0.41368599, -1.08255416,  0.19868667,  0.47450874,
       -0.58618306, -2.72749929])], [array([ 0.35939079, -0.46772794,  1.31034853, -0.79871507]), array([-0.25439469,  0.81305342,  0.7623924 ,  0.33378267]), array([ 0.376602  ,  1.352207  ,  1.433871  , -0.66257035]), array([-1.67542305, -0.5582253 , -1.50749873,  1.4392438 ]), array([0.86265515, 0.39753562, 1.2757467 , 0.53760816]), array([-1.21835057,  0.12335115,  0.0380429 , -0.53621775]), array([ 0.97344934, -0.47497257,  0.78899255, -2.04492444]), array([ 1.74142432, -1.06246872,  0.49987839,  0.29580218]), array([ 0.51580916, -1.3467805 , -0.80620024, -1.41136566]), array([-1.94888903,  0.5970263 ,  0.92903408,  1.67816211]), array([ 0.97684739, -0.22330916, -1.47809976,  0.87425081]), array([-0.48530946,  1.44100081, -0.894106  ,  0.44412176]), array([-0.52044841,  0.86418325,  0.53461903,  0.59152174, -0.21432928,
        1.40017861,  0.65666171, -1.18628083,  0.75984978,  2.52697481,
        1.04149629,  0.27578111])], [array([-0.95039034,  0.49291044]), array([0.27817284, 1.23109598]), array([0.31018396, 0.69616221]), array([-0.83155123, -1.29287721]), array([ 0.30883887, -0.02826374]), array([-0.81342621, -1.00048512]), array([-0.20896575, -0.00885906, -1.19257127, -0.82139312, -0.82905045,
       -0.79990142])]]・[[array([ 0.71397592,  0.80335796, -0.83819901, -0.80558931]), array([ 0.8064202 ,  0.17901218, -0.33628837, -1.11991461]), array([ 0.57161773, -0.0524918 , -0.08636941, -0.61367167]), array([0.89174197, 0.82942217, 1.0928245 , 0.67219617]), array([0.40724041, 1.02582685, 1.20697009, 0.12031072]), array([-1.13827123, -0.88237442,  0.53568166,  0.42534102]), array([-0.2873919 , -0.71554663,  0.64845301,  0.32000781]), array([0.55891187, 0.47399494, 0.60944231, 0.10453962]), array([-0.65414648,  1.10089659,  0.89836758, -1.57975757]), array([ 0.09557854,  0.64816935,  1.12157094, -0.4221346 ]), array([ 0.10381055, -0.85277717,  1.76621571,  1.93655652]), array([ 0.79845544, -0.8185424 ,  1.29169837, -1.32486717]), array([-2.34078988, -0.6015298 , -0.71612514, -1.93464989, -0.65460214,
       -0.30191258,  2.20794454, -0.5437545 , -1.25879815,  0.72255692,
        0.61560985, -0.44247677])], [array([ 1.22524645,  0.90776019,  1.32252082, -0.5880306 ]), array([-2.20386459, -0.40141372, -1.48981832, -0.99768108]), array([ 0.52988933,  0.29306786, -0.77652671,  0.68372082]), array([-0.05585492, -1.69240367, -0.8179729 , -0.92867875]), array([-0.9642581 ,  0.2040169 ,  0.62221003,  0.87428858]), array([-0.73262775, -1.74479276,  0.71064915, -0.66641548]), array([ 1.83251355, -1.258547  , -1.08843078, -0.9051981 ]), array([ 0.01904439, -0.41691527,  0.73303969, -1.4600891 ]), array([-0.85630402, -0.92958676, -1.82182475, -0.09540943]), array([-2.24875668, -0.74972937, -0.17130238, -0.53450458]), array([-0.14944663, -0.60615372,  0.43098101,  0.79597589]), array([-0.19314527,  0.03722472,  2.11158809,  1.08845287]), array([ 0.86125994,  0.01998981, -1.55548131,  1.85532123,  0.72439109,
       -1.91947651, -0.1805007 , -0.80766109,  2.02532295, -0.23156821,
        0.84365879, -1.9680535 ])], [array([ 2.18582786, -0.03271694]), array([-0.41624415,  1.21231332]), array([-0.93582407, -0.42184202]), array([0.47187318, 1.74456984]), array([0.23456051, 0.93256626]), array([ 0.21577381, -0.02481111]), array([-0.5158824 , -0.06419266, -0.65287762,  1.04897367, -1.39836847,
        0.4766546 ])]]・[[array([ 0.46451664, -1.20828855, -0.13825028, -0.10595862]), array([ 2.33758282, -0.77703702, -0.29753384,  0.3388588 ]), array([ 0.75064803, -1.04906801,  0.67257054, -0.10667582]), array([-0.30327118, -0.26159831, -0.52417051, -0.48050046]), array([-0.18586348, -0.38449478,  1.26915348, -0.67720371]), array([-0.79153203,  0.90363232,  0.70780705, -0.92228398]), array([ 0.22276956, -0.14715504,  0.28086455, -1.26276489]), array([-1.23796868, -0.27490147,  0.70956907, -1.20949898]), array([ 0.45672428, -0.26893596,  1.69943641, -1.39428606]), array([ 0.53354233,  0.14116121, -0.35105043,  0.05977182]), array([ 0.57565883,  0.38815156,  0.31831586, -0.69758173]), array([0.34227038, 0.58112263, 0.77160326, 0.15476404]), array([-1.29345782e+00,  1.67449582e+00, -5.35154885e-05, -1.05503400e+00,
       -5.93178272e-01,  1.24836016e+00,  3.23035877e-01,  7.48064198e-01,
       -5.34633503e-01,  3.03502364e-01, -1.01175983e+00, -6.26721036e-01])], [array([ 0.06609937,  0.44023169,  0.21997719, -0.02163148]), array([ 1.35196823, -0.01298849, -0.23866941,  0.69814798]), array([ 1.62671033,  0.85748641,  0.33367116, -0.4248596 ]), array([-1.49571126, -0.00345028, -0.40230897, -1.26602626]), array([ 0.70947805,  0.38488953, -0.68960637, -1.01668728]), array([-0.29278949, -0.23553929, -1.80050841,  0.27430833]), array([ 0.61137859, -0.00191475,  0.36038548,  0.46360526]), array([0.82330671, 0.0099645 , 2.80039284, 0.45787023]), array([ 0.83811406, -1.21290412,  0.96426212,  0.59645368]), array([ 3.73791996, -1.77848918,  0.18136311, -0.01996064]), array([ 0.09786797, -0.75327199,  0.17304876, -0.86618917]), array([ 0.195344  , -1.64759677, -0.04121338, -0.397795  ]), array([ 3.0288425 ,  1.30193347,  0.26636475,  1.05232749, -1.09194509,
        0.02047269,  0.66739801,  2.06455435, -0.39207134,  0.48539471,
        0.60748448,  0.45905295])], [array([ 0.09156569, -0.86635714]), array([-0.16588498,  0.91550608]), array([-0.49948757, -1.79285806]), array([ 0.59740295, -0.27838307]), array([-0.47354712, -1.37774116]), array([0.71512626, 0.40977858]), array([-0.65077224, -0.21732522,  0.04157876,  0.21516069, -0.89254745,
       -0.76324612])]]・[[array([ 2.41576848, -0.97565317,  0.84986716,  1.71419915]), array([ 0.33194101,  0.91133481, -0.39715281, -0.94290653]), array([ 1.43838696, -0.40720465, -0.42615317,  0.50709707]), array([ 0.55322743,  0.64548718,  0.76725821, -0.07257631]), array([-0.10886036, -0.9400984 , -0.98065587, -1.94323156]), array([ 0.4913615 , -0.11286481, -0.71615362,  0.92564184]), array([ 1.59674047, -1.67549632, -1.64865946,  1.53917778]), array([-0.19689232,  0.04124886, -0.18948955, -1.14542027]), array([ 0.49506781,  0.03998808, -0.17295575,  0.3911475 ]), array([-0.01023981, -0.38592377, -0.12928503, -0.08552404]), array([ 0.23143088,  0.80070131,  0.72441803, -0.93820744]), array([ 1.85244557, -1.79458554,  0.66799477, -0.40646339]), array([-2.10169504,  0.91839893,  0.64727515,  0.61487386, -0.62096585,
        1.13995343,  0.75427516, -0.9279387 ,  0.6057316 , -0.95708332,
        0.65702636, -0.32413886])], [array([-0.32609162, -1.13261578,  0.55390114, -0.11071143]), array([-1.37606909,  1.43790507, -0.92188087,  0.08836812]), array([-0.72878241,  2.638338  , -0.24951479,  1.11967282]), array([-0.21055339, -0.06590408, -0.96870571,  0.6459941 ]), array([-0.60094052,  1.20567351, -2.07087324,  0.42338391]), array([-0.0875337 , -1.20146944,  1.02868368,  0.36537032]), array([ 0.2214955 , -0.36218982, -0.1642964 ,  0.12725516]), array([-1.24600187, -1.4505288 ,  1.06120115, -1.04831584]), array([-2.26552186,  0.15049515,  1.20316049,  0.27064516]), array([ 0.54979749,  1.61383076,  0.11468352, -1.3501456 ]), array([ 0.13397911, -0.16082546,  1.2700657 ,  0.28688682]), array([1.70579788, 0.06175195, 1.57757056, 0.08309513]), array([ 1.41370657, -0.15987188,  1.25070122, -0.45946825, -0.96328759,
        2.38221447,  2.5948599 ,  2.39971809,  0.61522623, -1.13368035,
        1.24543964, -1.47065949])], [array([-0.42671689,  0.50078122]), array([-1.26295515, -0.65728394]), array([ 0.48077251, -2.21778006]), array([ 0.52045237, -1.74016097]), array([ 1.34464548, -0.59401241]), array([-0.93651067,  0.19213987]), array([-1.41627775,  1.1686974 ,  0.42736246, -1.428767  , -1.11060718,
       -0.17310585])]]・[[array([ 0.51789983, -0.12117419,  1.02036949, -0.24422048]), array([-0.02346298, -0.92512253, -0.43106235, -1.68102741]), array([ 0.49839562, -0.66694052, -1.2871753 , -1.22109252]), array([-0.37320072,  0.06115394, -0.49930588,  0.97901372]), array([-1.55831745, -0.17927504, -1.75579728,  0.23395823]), array([ 0.84165505, -1.71413104,  1.76825952, -0.15272725]), array([-1.43424539e+00,  2.00026184e-01, -1.17087981e-04, -8.67493104e-01]), array([-0.16357494, -1.81406768,  0.63880922,  0.54584043]), array([ 2.12602215, -0.56220079, -0.46302388, -0.90609131]), array([-0.59032038,  0.04823825,  2.87378623,  1.96691188]), array([0.1582314 , 0.61618861, 1.08079297, 1.67015446]), array([ 0.18075823,  0.4160404 , -0.93467616, -1.01859984]), array([ 1.83401488,  1.46600276, -0.92053363, -0.84583821, -0.11541791,
        1.17834414, -0.12224611,  0.26208301,  1.26147263,  0.58187994,
        0.91432657,  1.48334669])], [array([-0.53239513, -1.74334   , -1.06132083,  0.41667363]), array([-0.3557998 ,  0.83412409,  0.24266694, -0.9200556 ]), array([-0.48125942, -0.49651801,  1.43161027,  0.02258309]), array([0.23370322, 1.15028335, 0.54666385, 0.95353118]), array([-1.42704048,  0.66420707,  0.91299146, -0.69136108]), array([ 0.2414027 ,  1.01391915, -0.30709671, -0.35142468]), array([ 0.88822341,  1.58190989, -0.4857279 , -0.77935419]), array([-1.57309313, -1.22485467,  0.1584283 , -0.43762099]), array([-0.8465188 ,  1.41666076, -0.09016865, -0.67646408]), array([-0.32241152, -1.79079455,  0.22243677,  0.6535041 ]), array([ 0.61723797,  0.19313423,  1.40298688, -0.69365149]), array([-0.08730282, -0.09643595,  0.75804945, -1.30112162]), array([-1.94096739,  0.50098659, -0.94129661, -1.19575131,  0.47195355,
        0.5311178 , -0.94575345, -1.40068747, -1.32499213, -0.11465497,
       -1.39067832, -1.02412472])], [array([-0.58958231, -0.56531081]), array([-0.54639766, -1.11418328]), array([ 0.51793219, -0.58555385]), array([-1.15636948,  1.03488077]), array([-0.48458895, -1.05508391]), array([-0.61416482,  0.03561396]), array([-0.9241672 , -0.73725135,  1.21568995,  1.00233861,  1.14613419,
       -0.19858556])]]・[[array([ 0.9757215 ,  0.64104325,  1.69899973, -0.17595581]), array([-1.53351831,  0.30152693,  1.2475667 ,  1.95014557]), array([ 1.90193104,  0.064363  , -0.93321895,  0.51424207]), array([ 1.67604419, -1.30866375, -0.1496561 , -0.94701432]), array([ 1.33620493,  2.25749009, -0.36457186,  0.33697916]), array([ 1.46341037,  0.33965729, -0.31786827,  0.34003894]), array([-0.37110066,  0.211768  , -0.53452479,  0.96286167]), array([ 0.38859483,  1.77592597, -1.42535738, -0.73189486]), array([ 0.85294385, -1.0181823 , -0.51847293, -0.40515194]), array([ 0.25988205,  0.84231753, -0.22865576, -0.65572875]), array([ 1.38007278,  0.80767588, -0.14674658,  0.08502819]), array([-0.23437267, -1.94798658, -0.42884579, -0.42206683]), array([ 0.53194184,  1.5798125 ,  2.1345625 , -0.47791815, -0.85376677,
        0.12306139,  0.14269832, -1.32117702,  1.45654019, -0.35524343,
       -0.10934171, -1.45108033])], [array([ 0.03986574,  0.3530769 , -0.19401975, -0.02684208]), array([ 1.98054153, -0.0629627 , -0.83693286, -0.70307259]), array([-1.2855543 , -0.80601804,  1.32116963, -0.00880476]), array([ 0.28280557, -2.4570713 , -0.46410427, -0.57314135]), array([ 1.31636706, -0.24669342,  1.884007  ,  0.86134745]), array([ 1.02349479, -0.16579281, -1.2322567 , -0.53427903]), array([-0.22119889, -0.52950357, -1.40094502, -0.37400828]), array([-1.4777735 , -0.21248726, -0.25900197,  0.61108087]), array([-0.3980871 , -0.5327207 ,  0.45451327,  1.29142097]), array([ 0.60478477, -0.44507915, -0.92007628,  1.22481488]), array([-0.49915934,  1.1763926 , -1.78251202, -0.55717173]), array([-0.90088756, -0.36049593, -0.30266636, -3.0154288 ]), array([-0.32387355,  0.79081435, -0.29256493,  1.56325384,  1.00461956,
        1.11022958, -0.71234667,  0.36356184, -1.17544912,  0.50862726,
       -1.39067832, -1.02412472])], [array([0.29406631, 0.70528624]), array([-1.06711088, -0.44357676]), array([-1.59113722,  0.75591848]), array([0.57355136, 1.20929515]), array([-1.98647966, -1.06090697]), array([ 1.77269025, -0.25537531]), array([ 1.40138559, -1.12666358, -0.75261939,  0.67855201,  0.5959149 ,
       -1.95121494])]]・[[array([-0.45183429,  0.39691677,  2.01801641, -0.20317094]), array([-0.50319202,  1.32966179, -0.47314893, -1.33897672]), array([-0.01319986,  2.83858186, -0.0271795 , -1.52371368]), array([-0.04962573, -0.51353199, -0.72419616,  0.21793408]), array([-0.16185407,  1.60299819, -0.43248216, -1.34062699]), array([-0.97711438, -0.2969603 , -1.01759518, -1.34757325]), array([0.84775361, 0.19010305, 0.14806375, 0.07697159]), array([-0.49553664,  0.11059857, -0.75704213,  1.52902312]), array([-1.35959737,  0.00884852,  1.74600298,  1.81626483]), array([ 0.22409527,  1.14394281,  1.00205122, -0.40911907]), array([-0.03838011,  0.16972884, -1.29386267, -0.81629531]), array([-1.6914882 , -0.13772127, -0.09063384, -0.66604405]), array([ 0.398808  ,  0.71054755,  1.52403813, -0.44685556, -0.16357597,
        1.82074288,  0.18241813, -0.88203415,  0.3398506 ,  0.28998906,
        0.54272345,  1.12992633])], [array([0.74796719, 1.29448942, 0.33262976, 0.74426296]), array([-2.77938086,  1.15934979, -0.10855699,  0.27417163]), array([ 0.01930922, -0.42901738, -0.57804785, -0.3157323 ]), array([ 0.26519084, -0.25702971, -1.46509183,  0.45355219]), array([-1.2052702 ,  1.3941965 ,  0.03645852,  0.8524972 ]), array([-0.41143951, -0.10584234,  1.04762318,  0.08035378]), array([ 0.41145483,  0.05434655, -1.37058671, -1.40923204]), array([-0.26714821,  0.45472131,  1.49025307,  0.77489986]), array([-0.84179721, -0.52087228,  0.32813579,  0.45223509]), array([-0.74127898, -0.67883617, -0.97718382, -0.59120865]), array([-0.442901  , -1.69024661,  0.24476444,  1.36574456]), array([-2.83301702,  0.85828616, -1.0979889 , -0.26313635]), array([ 1.6302032 ,  1.23506865, -0.22122459,  2.24316122, -1.44798628,
       -1.06299447,  1.02740674, -1.71077791,  1.1237702 ,  0.21909416,
       -0.7095279 , -0.99009184])], [array([0.46977049, 0.86748237]), array([ 0.60484503, -0.56465328]), array([-0.18972859, -1.40014293]), array([1.15128822, 0.45691978]), array([ 0.3961245 , -0.55226504]), array([ 0.68803597, -0.93041932]), array([ 0.60428627, -1.60431616, -0.30005537,  1.57732142, -0.38590335,
        0.49136218])]]・[[array([-0.50430559,  0.33552057, -1.413865  ,  0.1918636 ]), array([0.31110853, 0.82877803, 0.92465708, 2.01730814]), array([-0.13891518,  3.01056439,  0.64730797,  1.08970284]), array([ 0.70361499, -1.1183825 , -0.32471323, -0.20339311]), array([ 0.88888147,  0.05635114,  0.0216289 , -0.63142051]), array([ 0.83443922,  0.03200474, -0.7700817 ,  0.51353352]), array([0.74866793, 1.68453403, 1.40045263, 2.82814263]), array([-0.22262173, -0.84799603,  0.44050108, -1.19279582]), array([ 1.93209291,  1.18697526, -1.2515548 ,  0.39196506]), array([ 0.56501231, -1.0160504 , -0.28950928, -0.15678021]), array([ 0.0234731 ,  0.14076273, -1.50253225,  0.31882598]), array([ 1.95069157,  0.90970107, -0.37262295, -0.08729432]), array([-2.29948357,  0.69952542,  0.91589558,  0.86218985, -1.09207355,
       -1.21806701, -1.19574523, -0.84038476,  0.6907957 ,  1.94356109,
        0.07970446,  0.55583627])], [array([-0.86756495,  0.00163074, -0.56982819,  0.02752295]), array([ 0.50426084, -0.6789383 , -0.42420957,  0.82943146]), array([ 1.52786017,  1.15012383, -0.62381983, -0.43307794]), array([ 0.05348646,  1.59616757, -0.71248114, -0.19849967]), array([-0.79591306,  1.11840017,  0.19733827, -0.79640498]), array([ 0.25448001, -0.17276123, -0.38437978,  0.45114603]), array([-0.46938784, -0.92922267, -0.01308663, -0.13765512]), array([-1.00886073,  1.06907749, -0.21037075, -0.26220159]), array([-0.97715252, -0.20559143, -0.62405719, -0.38993177]), array([-0.0631801 , -0.2971937 ,  0.08329713,  0.09913564]), array([-0.26314932,  0.93397722, -0.08847746, -1.37289902]), array([0.30288998, 1.65112307, 0.16112291, 0.22768514]), array([ 1.1549712 , -0.14601971, -0.82268981, -0.80889267,  0.70912918,
        1.10384263, -0.99151694,  1.28196011, -0.48072734,  0.43446739,
        0.65298223, -0.78243747])], [array([-1.53452334,  0.54551045]), array([ 0.30343516, -1.37699398]), array([1.37195897, 0.06493727]), array([-0.23635149, -0.0214766 ]), array([-0.10812784, -0.50830037]), array([-0.64773865,  0.47844913]), array([ 0.73303599,  0.67857789,  0.05804157, -0.29725504,  0.05285934,
        0.69977185])]]