483[[array([ 0.68665618, -1.71108273, -1.59229687]), array([-0.31180742, -0.56857004, -0.57371597]), array([ 1.42183124, -1.03399525,  0.01498824]), array([0.19342638, 1.05928669, 0.46237254]), array([-1.19201064, -1.25418154,  0.31484897]), array([ 0.6920063 , -0.60999809,  0.31484897]), array([ 0.55766968,  0.34509454, -0.6020034 ]), array([-0.74639409, -0.33825267,  0.65574648]), array([ 0.6682567 , -0.17894698,  0.02893575]), array([ 1.40022685,  0.70487306, -0.41284562,  1.72928985, -1.18741717,
        0.24303992,  0.74899613, -1.07175625,  0.10913766])], [array([ 0.68665618, -1.71108273,  0.39848078]), array([-0.31180742,  0.92650478, -0.04435471]), array([-1.48812375,  0.48413383,  1.55255574]), array([-0.98413912,  0.46597669, -2.0449959 ]), array([-0.73889103, -1.25418154,  0.59173514]), array([-0.31034983, -0.60999809, -1.73852912]), array([-1.10056727, -0.53336709, -0.89782151]), array([-0.74639409, -0.33825267, -0.49116317]), array([ 0.09648566, -0.17894698,  0.02893575]), array([-3.37694550e-01, -1.82376080e-01, -1.71785867e+00,  9.94878957e-04,
        2.13515981e-01, -7.24749090e-01,  1.16857359e+00,  3.92644030e-01,
        9.97719880e-01])], [array([-0.66079451,  0.08443377]), array([-1.59229687, -0.31180742]), array([1.27789856, 0.01958695]), array([-0.05773386,  0.48413383]), array([ 1.55255574, -0.98413912]), array([1.14771197, 0.86690128]), array([-0.45842564, -1.3616542 ,  0.58290778,  0.08953915, -0.0996073 ,
       -0.40068231])]]・[[array([-0.43596367,  1.49380003,  0.95213887]), array([ 0.77983818,  1.40586096, -1.49931805]), array([ 1.56362608,  0.1535357 , -0.11556003]), array([ 1.1464207 , -0.11556003,  0.46237254]), array([-1.69826889, -0.09447917,  0.88854542]), array([-0.96151201,  1.45084271, -1.05368939]), array([-1.31755948,  0.64660008,  2.10768015]), array([-1.59229687, -1.07960484,  1.03162617]), array([-0.22510633, -0.62627027,  0.26781494]), array([-0.11556003,  1.59548227,  0.95935224,  1.72928985, -1.11162297,
       -0.09587416,  0.69667238, -1.00017583,  0.21159738])], [array([-0.43596367,  0.75595725,  0.95213887]), array([0.77983818, 1.40586096, 0.77983818]), array([ 1.56362608, -0.96702336, -0.11556003]), array([ 1.1464207 , -0.11556003,  0.46237254]), array([-1.69826889,  1.40279975,  0.88854542]), array([-0.96151201,  1.45084271, -1.05368939]), array([-1.31755948,  0.64660008,  2.10768015]), array([-1.59229687, -1.07960484,  1.03162617]), array([-0.22510633, -0.62627027,  0.26781494]), array([-0.53430015, -0.18237608,  0.00885787,  0.46237254, -1.14553435,
       -0.72474909, -0.7338527 ,  0.39264403,  0.99771988])], [array([-0.43596367,  0.75595725]), array([0.95213887, 0.77983818]), array([1.40586096, 0.77983818]), array([ 1.56362608, -0.96702336]), array([-0.11556003,  1.1464207 ]), array([-0.11556003,  0.46237254]), array([-0.45842564, -0.18835324,  0.58290778,  0.08953915,  0.08953915,
       -0.21518827])]]・[[[-0.87498177, 0.75595725, -1.31578436], [0.77983818, -0.05773386, -1.59229687], [1.40279975, -0.10382353, -0.11556003], [0.01958695, 1.45084271, 0.02533321], [-0.36339303, 0.31484897, -0.64074024], [0.03291192, -2.18222525, -1.05368939], [-0.01713439, 0.64660008, 0.23282307], [0.78841493, -0.21855245, -1.08927701], [-0.47934564, -1.42389858, 0.02893575], [-0.29683884, 1.59548227, 0.95935224, 1.72928985, -0.81423408, 0.2483813, 0.69667238, -1.00017583, 0.65880255]], [[-0.87498177, 0.75595725, -1.31578436], [0.77983818, -0.05773386, -1.59229687], [1.40279975, -0.10382353, -0.11556003], [0.01958695, 1.45084271, 0.02533321], [-0.36339303, 0.31484897, -0.64074024], [0.03291192, -2.18222525, -1.05368939], [-0.01713439, 0.64660008, 0.23282307], [0.78841493, -0.21855245, -1.08927701], [-0.47934564, -1.42389858, 0.02893575], [-0.53430015, -0.18237608, 0.00885787, 0.46237254, -1.14553435, -0.72474909, -0.7338527, 0.39264403, 0.99771988]], [[-0.87498177, 0.75595725], [-1.31578436, 0.77983818], [-0.05773386, -1.59229687], [1.40279975, -0.10382353], [-0.11556003, 0.01958695], [1.45084271, 0.02533321], [-0.93994043, -0.18835324, 0.58290778, 0.08953915, 0.08953915, -0.21518827]]]・[[array([-1.18524166,  0.28779733,  1.34852705]), array([ 0.77983818, -0.05773386, -0.55541802]), array([ 1.40279975, -1.59229687, -0.11556003]), array([0.01958695, 1.45084271, 0.05881693]), array([ 0.46509401,  0.31484897, -0.64074024]), array([-0.73820774,  1.84691771,  1.45084271]), array([-0.01713439,  0.23984548,  2.10768015]), array([-1.59229687, -1.07960484, -0.34057652]), array([-0.56929249,  0.33589269, -1.52597434]), array([-0.29683884,  1.59548227,  0.95935224,  1.39764793, -0.81423408,
        0.2483813 ,  0.69667238, -1.00017583,  0.65880255])], [array([-1.18524166, -0.94018345, -0.52880088]), array([ 0.77983818, -0.05773386, -1.59229687]), array([-0.60131581, -1.59229687,  1.79777309]), array([ 0.05112797,  0.5990892 , -0.99144671]), array([-2.95560865,  0.31484897,  0.01958695]), array([0.70434805, 1.84691771, 1.83933052]), array([-1.24631821,  0.23984548,  2.10768015]), array([-1.59229687, -1.07960484, -0.34057652]), array([-0.56929249,  0.33589269, -1.52597434]), array([-0.53430015, -0.18237608,  0.00885787,  0.46237254, -1.14553435,
       -0.72474909, -0.7338527 ,  0.39264403,  0.99771988])], [array([-1.18524166, -0.94018345]), array([-0.52880088,  0.77983818]), array([-0.05773386, -1.21129573]), array([1.34852705, 1.40279975]), array([0.25586058, 0.46237254]), array([-0.11556003,  0.71611152]), array([-0.93994043, -0.18835324,  0.58290778,  0.08953915,  0.08953915,
       -0.21518827])]]・[[[-0.41588445, -1.77370607, -1.04099513], [0.77983818, -0.25188413, -1.01833936], [1.34852705, 0.4290693, -1.59229687], [1.1464207, -0.11556003, 0.46237254], [-1.69826889, 1.40279975, 0.88854542], [-0.96151201, 1.45084271, 0.22176681], [1.980756, 1.40279975, -2.37515911], [-1.15907183, -0.99806517, -0.2818858], [-0.46130259, -1.07960484, -1.59229687], [-0.39451976, 1.59548227, 0.95935224, 1.72928985, 0.12852166, 1.28196633, 0.69667238, -0.27167764, -0.45241021]], [[-0.41588445, -1.77370607, -1.04099513], [0.77983818, -0.25188413, -1.01833936], [1.34852705, 0.4290693, -1.59229687], [1.1464207, -0.11556003, 0.46237254], [-1.69826889, 1.40279975, 0.88854542], [-0.96151201, 1.45084271, 0.22176681], [1.980756, 1.40279975, -2.37515911], [-1.15907183, -0.99806517, -0.2818858], [-0.46130259, -1.07960484, -1.59229687], [-0.46186543, -0.54680169, 0.38367219, -0.44232091, -1.50336152, -0.82758276, -0.75823275, -0.05109958, -0.949899]], [[-0.41588445, -1.77370607], [-1.04099513, 0.77983818], [-0.25188413, -1.01833936], [1.34852705, 0.4290693], [-1.59229687, 1.1464207], [-0.11556003, 0.46237254], [-0.49364665, -0.18835324, -1.00697733, 0.08953915, 0.08953915, -0.21518827]]]・[[array([-1.71108273, -1.77370607, -1.04099513]), array([ 0.77983818, -0.25188413, -1.21129573]), array([1.34852705, 1.40279975, 0.25586058]), array([ 0.46237254, -0.11556003,  0.71611152]), array([-1.59229687,  0.46985977, -0.50862414]), array([-0.11556003,  0.95218625, -1.03304586]), array([-1.24631821,  0.23984548,  2.10768015]), array([-1.59229687, -1.07960484, -0.34057652]), array([-0.56929249,  0.33589269, -1.52597434]), array([-1.09106631,  1.59548227,  0.95935224,  1.39764793, -0.81423408,
        0.2483813 ,  0.69667238, -1.00017583,  0.65880255])], [array([-1.71108273, -1.77370607,  0.17068681]), array([ 0.77983818, -0.25188413, -1.21129573]), array([1.34852705, 1.40279975, 0.25586058]), array([ 0.46237254, -0.11556003, -0.88055921]), array([ 0.1955962 ,  1.05696044, -0.50862414]), array([-0.11556003, -0.72679733,  0.16330958]), array([-1.24631821,  0.23984548,  2.10768015]), array([-0.68624468, -1.07960484, -0.34057652]), array([-0.56929249,  0.33589269, -1.52597434]), array([-0.53430015, -0.71075827,  0.00885787,  0.51464357, -1.14553435,
       -0.72474909,  0.05877064,  1.252375  , -0.55306077])], [array([-1.71108273, -1.77370607]), array([-1.04099513,  0.77983818]), array([-0.25188413, -1.21129573]), array([1.34852705, 1.40279975]), array([0.25586058, 0.46237254]), array([-0.11556003,  0.71611152]), array([-1.8719634 , -0.18835324,  0.79103229,  0.08953915, -2.05116516,
       -0.21274437])]]・[[array([ 0.04822577,  1.79676653, -0.75775017]), array([ 0.10715798,  0.17219452, -0.11556003]), array([ 1.40279975, -1.59229687, -0.11556003]), array([0.01958695, 1.45084271, 0.05881693]), array([-1.46916812,  0.31484897, -0.64074024]), array([ 0.00968568,  1.84691771, -1.05368939]), array([-0.01713439,  0.64660008, -0.89782151]), array([-0.74639409, -1.91992303, -0.13836944]), array([0.99746411, 0.98379206, 0.25586063]), array([-0.11556003,  1.59548227,  0.95935224,  1.72928985, -1.11162297,
       -0.09587416,  0.69667238, -1.00017583,  0.21159738])], [array([ 0.04822577,  1.79676653, -0.75775017]), array([ 0.10715798,  0.17219452, -0.11556003]), array([ 1.40279975, -1.59229687, -0.11556003]), array([0.01958695, 1.45084271, 0.05881693]), array([-1.46916812,  0.31484897, -0.64074024]), array([ 0.00968568,  1.84691771, -1.05368939]), array([-0.01713439,  0.64660008, -0.89782151]), array([-0.74639409, -1.91992303, -0.13836944]), array([0.99746411, 0.98379206, 0.25586063]), array([-0.53430015, -0.18237608,  0.00885787,  0.46237254, -1.14553435,
       -0.72474909, -0.7338527 ,  0.39264403,  0.99771988])], [array([ 0.04822577, -1.59229687]), array([1.40279975, 0.41566634]), array([-0.60069551, -0.15407301]), array([-0.07889528, -0.96702336]), array([-0.11556003,  1.35497627]), array([1.45084271, 0.05881693]), array([-1.01553645, -0.42481006,  0.20461898, -2.14926422,  1.13026916,
        0.11866357])]]・[[[1.77617041, 1.16563499, -1.59229687], [2.24069229, -1.14673534, -0.70327408], [0.1226614, 0.6028919, -1.59229687], [0.57802176, -0.08856588, 1.40279975], [-1.59229687, -1.57131246, 0.31484897], [0.23984548, -0.60999809, 0.31484897], [-1.18919804, 0.45092824, -0.89782151], [-0.05773386, -0.48792039, -1.12557599], [1.06927638, 1.00401669, 0.25586063], [-0.11556003, 1.59548227, 0.95935224, 1.72928985, -1.11162297, -0.09587416, 0.69667238, -1.00017583, 0.21159738]], [[1.77617041, 1.16563499, -1.59229687], [2.24069229, -1.14673534, -0.70327408], [0.1226614, 0.6028919, -1.59229687], [0.57802176, -0.08856588, 1.40279975], [-1.59229687, -1.57131246, 0.31484897], [0.23984548, -0.60999809, 0.31484897], [-1.18919804, 0.45092824, -0.89782151], [-0.05773386, -0.48792039, -1.12557599], [1.06927638, 1.00401669, 0.25586063], [-0.55226405, -0.18237608, 0.00885787, 0.46237254, -0.34898836, 0.17500803, -0.0360365, 0.39264403, 0.99771988]], [[1.77617041, 1.16563499], [-1.59229687, 2.24069229], [-1.14673534, -0.70327408], [0.1226614, 0.6028919], [-1.59229687, 0.57802176], [-0.08856588, 1.40279975], [-1.11606299, -0.42481006, 0.39874988, -2.14926422, 1.13026916, 0.11866357]]]・[[[0.25534181, -0.5892859, 2.0910576], [0.04713226, 0.40932704, 0.4040443], [-0.34174043, 1.4383316, 0.25586058], [0.91995025, 0.5549659, 0.05881693], [-0.44763881, 0.31484897, 1.78708878], [0.69932109, 0.05996389, 1.45084271], [-1.32804986, -2.46538031, -0.03335019], [-0.18367441, 0.69259486, -1.19550712], [1.06927638, 1.00401669, 0.58058971], [-0.11556003, -0.51725164, 0.95935224, 1.72928985, -0.35019201, -0.09587416, -0.58698201, -1.00017583, 0.495858]], [[0.25534181, -0.5892859, 2.0910576], [0.04713226, 0.40932704, 0.4040443], [-0.34174043, 1.4383316, 0.25586058], [0.91995025, 0.5549659, 0.05881693], [-0.44763881, 0.31484897, 1.78708878], [0.69932109, 0.05996389, 1.45084271], [-1.32804986, -2.46538031, -0.03335019], [-0.18367441, 0.69259486, -1.19550712], [1.06927638, 1.00401669, 0.58058971], [-0.55226405, -0.18237608, -0.11374228, 0.46237254, 1.35496199, -0.14924443, -0.0360365, 0.32794322, 0.99771988]], [[0.25534181, -0.5892859], [2.0910576, 0.04713226], [0.40932704, 0.4040443], [-0.34174043, 1.4383316], [0.25586058, 0.91995025], [0.5549659, 0.05881693], [-1.11606299, -0.42481006, 0.39874988, -2.14926422, 1.13026916, 0.11866357]]]・[[[-0.31012145, 0.01958695, 0.79117265], [0.07557107, -2.0490175, -0.30864908], [0.43491826, 1.40279975, 1.0735386], [1.45084271, 0.01958695, -0.93903225], [0.11024244, -0.29345835, 1.48557058], [0.23984548, -0.60999809, 0.31484897], [-1.18919804, 0.38530852, -0.89782151], [-0.74639409, -1.91992303, -0.13836944], [0.99746411, 0.98379206, 0.25586063], [-0.29683884, 1.59548227, 0.95935224, 1.72928985, -0.81423408, 0.2483813, 0.69667238, -1.00017583, 0.21159738]], [[-0.31012145, 0.01958695, 0.79117265], [0.07557107, -2.0490175, -0.30864908], [0.43491826, 1.40279975, 1.0735386], [1.45084271, 0.01958695, -0.93903225], [0.11024244, -0.29345835, 1.48557058], [0.23984548, -0.60999809, 0.31484897], [-1.18919804, 0.38530852, -0.89782151], [-0.74639409, -1.91992303, -0.13836944], [0.99746411, 0.98379206, 0.25586063], [-0.53430015, -0.18237608, 0.00885787, 0.46237254, -1.14553435, -0.72474909, -0.7338527, 0.39264403, 0.99771988]], [[-0.31012145, 0.01958695], [0.79117265, 0.07557107], [-2.0490175, -0.30864908], [0.43491826, 1.40279975], [1.0735386, 1.45084271], [0.01958695, -0.93903225], [-0.45842564, -0.18835324, 0.31484897, 0.34741411, 0.08953915, 0.27302214]]]・[[[0.01958695, -1.16453405, 2.90410435], [0.75595725, 0.44308511, -0.07015127], [1.56362608, -0.22722662, 0.31712176], [1.1464207, -0.85592304, 0.05881693], [-0.08823935, 0.31484897, -0.64074024], [-0.73820774, 1.84691771, 1.45084271], [-0.01713439, 0.64660008, 0.23282307], [1.22263133, 1.18475144, 0.07144498], [1.79676653, -1.51949603, 1.08686575], [-0.11556003, 1.59548227, 0.95935224, 1.72928985, -1.11162297, -0.09587416, 0.69667238, -1.00017583, 0.21159738]], [[0.01958695, -1.16453405, 2.90410435], [0.75595725, 0.44308511, -0.07015127], [1.56362608, -0.22722662, 0.31712176], [1.1464207, -0.85592304, 0.05881693], [-0.08823935, 0.31484897, -0.64074024], [-0.73820774, 1.84691771, 1.45084271], [-0.01713439, 0.64660008, 0.23282307], [1.22263133, 1.18475144, 0.07144498], [1.79676653, -1.51949603, 1.08686575], [-0.53430015, -0.18237608, 0.00885787, 0.46237254, -0.24254951, -0.72474909, -1.07466441, 0.39264403, 0.99771988]], [[0.01958695, -1.16453405], [2.90410435, 0.75595725], [0.44308511, -0.07015127], [1.56362608, -0.22722662], [0.31712176, 1.1464207], [-0.85592304, 0.05881693], [-0.45842564, -0.18835324, 0.58290778, 0.08953915, 0.08953915, -2.01231959]]]・[[[0.01958695, -1.59229687, -1.59229687], [1.40279975, 1.79676653, 0.01958695], [-0.02156854, -0.22722662, 0.31712176], [1.1464207, -0.17392904, 0.05881693], [-0.08823935, 0.31484897, -0.64074024], [0.03291192, -2.18222525, -1.05368939], [-0.01713439, 0.64660008, 0.23282307], [0.78841493, -0.21855245, -1.08927701], [-0.47934564, -1.42389858, 0.02893575], [-0.29683884, 1.59548227, 0.95935224, 1.72928985, -0.81423408, 0.2483813, 0.69667238, -1.00017583, 0.65880255]], [[0.01958695, -1.59229687, -1.59229687], [1.40279975, 1.79676653, 0.01958695], [-0.02156854, -0.22722662, 0.31712176], [1.1464207, -0.17392904, 0.05881693], [-0.08823935, 0.31484897, -0.64074024], [0.03291192, -2.18222525, -1.05368939], [-0.01713439, 0.64660008, 0.23282307], [0.78841493, -0.21855245, -1.08927701], [-0.47934564, -1.42389858, 0.02893575], [-0.53430015, -0.18237608, 0.00885787, 0.46237254, -1.14553435, -0.72474909, -0.7338527, 0.39264403, 0.99771988]], [[0.01958695, -1.59229687], [-1.59229687, 1.40279975], [1.79676653, 0.01958695], [-0.02156854, -0.22722662], [0.31712176, 1.1464207], [-0.17392904, 0.05881693], [-0.93994043, -0.18835324, 0.58290778, 0.08953915, 0.08953915, -0.21518827]]]・[[array([-0.35685381,  0.95421123,  1.1464207 ]), array([-1.59229687, -0.6448989 ,  0.85857821]), array([-1.01082152, -1.09059796, -1.59229687]), array([ 1.1464207 , -0.92302057,  0.50520234]), array([ 1.80021061, -0.2986518 , -0.00827961]), array([ 0.23984548, -0.60999809,  0.31484897]), array([ 0.54101081,  0.45092824, -0.89782151]), array([ 1.19213189, -1.91992303, -0.13836944]), array([ 0.99746411,  0.98379206, -1.24672593]), array([ 1.13431507,  0.63814737, -0.38350039,  1.72928985,  1.40279975,
       -0.59028335, -0.57233818, -0.47052967,  0.10913766])], [array([-0.35685381,  0.95421123,  1.1464207 ]), array([-1.59229687, -0.6448989 ,  0.85857821]), array([-1.01082152, -1.09059796, -1.59229687]), array([ 1.1464207 , -0.92302057,  0.50520234]), array([ 1.80021061, -0.2986518 , -0.00827961]), array([ 0.23984548, -0.60999809,  0.31484897]), array([-1.18919804,  0.45092824, -0.89782151]), array([ 1.19213189, -0.5237687 , -0.13836944]), array([ 0.99746411,  0.98379206, -1.24672593]), array([-0.53430015, -0.71075827,  0.00885787,  1.91555763, -1.14553435,
       -0.72474909,  0.05877064,  1.252375  , -0.55306077])], [array([-0.35685381,  0.95421123]), array([ 1.1464207 , -1.59229687]), array([-0.6448989 ,  0.85857821]), array([-1.01082152, -1.09059796]), array([-1.59229687,  1.18991181]), array([-0.92302057,  0.50520234]), array([-0.93994043, -0.55977431, -1.48739864,  0.32247091,  1.13026916,
       -0.39006319])]]・[[array([-0.31012145,  0.01958695, -0.33332521]), array([0.62013372, 0.16544997, 1.05905587]), array([0.62202912, 1.40279975, 1.0735386 ]), array([ 1.45084271,  0.01958695, -0.93903225]), array([ 0.11024244, -0.29345835,  1.48557058]), array([ 0.23984548, -0.60999809,  0.31484897]), array([-1.18919804,  0.38530852, -0.89782151]), array([-0.74639409, -1.91992303, -0.13836944]), array([-0.47934564, -1.42389858,  0.02893575]), array([-0.11556003,  1.59548227,  0.95935224,  1.72928985, -1.11162297,
       -0.09587416,  0.69667238, -1.00017583,  0.21159738])], [array([-0.31012145,  0.01958695, -0.33332521]), array([ 0.62013372, -0.32835905,  1.05905587]), array([0.62202912, 1.40279975, 1.0735386 ]), array([ 1.45084271,  0.01958695, -0.93903225]), array([ 0.11024244, -0.29345835,  1.48557058]), array([ 0.23984548, -0.60999809,  0.31484897]), array([-1.18919804,  0.38530852, -0.89782151]), array([-0.74639409, -1.91992303, -0.13836944]), array([-0.47934564, -1.42389858,  0.02893575]), array([-0.53430015, -0.18237608,  0.00885787,  0.46237254, -1.14553435,
       -0.72474909, -0.7338527 ,  0.39264403,  0.99771988])], [array([-0.31012145,  0.01958695]), array([-0.33332521,  0.62013372]), array([-0.32835905,  1.05905587]), array([ 0.62202912, -0.90359659]), array([1.0735386 , 1.45084271]), array([ 0.01958695, -0.93903225]), array([-0.45842564, -0.18835324,  0.58290778,  0.08953915,  0.58135354,
       -0.21518827])]]・[[array([0.15927147, 0.65021312, 1.39520122]), array([ 0.62013372, -0.24159393,  0.388431  ]), array([ 0.8419487 ,  0.19531907, -0.3921969 ]), array([-0.07264789, -0.53599769, -0.93903225]), array([ 1.80021061, -0.2986518 ,  0.44528746]), array([ 0.23984548, -0.60999809, -0.53188349]), array([0.04672725, 0.19372383, 1.55578706]), array([-0.63221143, -1.91992303, -0.13836944]), array([0.99746411, 0.73207824, 0.26781494]), array([ 1.40022685,  0.70487306, -0.41284562,  1.72928985,  0.91956189,
       -0.59028335,  0.69667238, -1.00017583,  0.21159738])], [array([0.15927147, 0.65021312, 1.39520122]), array([ 0.62013372, -0.24159393,  0.388431  ]), array([ 0.8419487 ,  0.19531907, -0.3921969 ]), array([-0.07264789, -0.53599769, -0.93903225]), array([ 1.80021061, -0.2986518 ,  0.44528746]), array([ 0.23984548, -0.60999809, -0.53188349]), array([0.04672725, 0.19372383, 1.55578706]), array([-0.63221143, -1.91992303, -0.13836944]), array([0.99746411, 0.73207824, 0.26781494]), array([-0.33769455, -0.18237608,  0.00885787,  0.46237254, -0.24254951,
       -0.72474909, -0.31042983,  0.39264403,  0.99771988])], [array([0.15927147, 0.65021312]), array([1.39520122, 0.62013372]), array([-0.24159393,  0.388431  ]), array([0.8419487 , 0.19531907]), array([-0.3921969 , -0.07264789]), array([-0.53599769, -0.93903225]), array([-0.45842564, -0.18835324,  0.58290778,  0.08953915, -0.0996073 ,
       -0.40068231])]]・[[array([ 0.86587235,  0.01958695, -0.22384499]), array([-0.26380281,  0.07557107, -0.30864908]), array([-1.67401555, -0.22722662,  0.31712176]), array([ 1.1464207 , -0.17392904,  0.05881693]), array([-1.4928467 ,  0.46985977, -0.50862414]), array([-0.11556003,  0.95218625,  0.16330958]), array([-1.24631821,  0.23984548,  2.10768015]), array([-1.59229687, -1.07960484, -0.34057652]), array([-0.56929249,  0.33589269, -1.52597434]), array([-1.09106631,  1.59548227,  0.95935224,  1.39764793, -0.81423408,
        0.2483813 ,  0.69667238, -1.00017583,  0.65880255])], [array([ 0.86587235,  0.01958695, -0.22384499]), array([-0.26380281,  0.07557107, -0.30864908]), array([-1.67401555, -0.22722662,  0.31712176]), array([ 1.1464207 , -0.17392904,  0.05881693]), array([-1.4928467 ,  0.31484897, -0.64074024]), array([ 0.03291192, -2.18222525, -1.05368939]), array([-0.01713439,  0.64660008,  0.23282307]), array([ 0.78841493, -0.79976139, -1.08927701]), array([ 0.31845403,  0.33505827, -1.52597434]), array([-0.53430015, -0.71075827,  0.00885787,  0.51464357, -1.14553435,
       -0.72474909,  0.05877064,  1.252375  , -0.55306077])], [array([0.86587235, 0.01958695]), array([-0.22384499, -0.26380281]), array([ 0.07557107, -0.30864908]), array([-1.67401555, -0.22722662]), array([0.31712176, 1.1464207 ]), array([-0.17392904,  0.05881693]), array([-0.45842564, -1.50359577,  0.31484897,  0.34741411,  0.08953915,
       -0.05673413])]]・[[[-1.59229687, 0.28779733, 1.34852705], [0.77983818, -0.05773386, -0.55541802], [1.40279975, -1.59229687, -0.11556003], [0.01958695, 1.45084271, 0.05881693], [0.46509401, 0.31484897, -0.64074024], [-0.73820774, 1.84691771, 1.45084271], [-0.01713439, 0.23984548, 2.10768015], [-1.59229687, -1.07960484, -0.34057652], [-0.56929249, 0.33589269, -1.52597434], [-0.29683884, 1.59548227, 0.95935224, 1.39764793, -0.81423408, 0.2483813, 0.69667238, -1.00017583, 0.65880255]], [[-1.59229687, 0.28779733, 1.34852705], [0.77983818, -0.05773386, -0.55541802], [1.40279975, -1.59229687, -0.11556003], [0.01958695, 1.45084271, 0.05881693], [0.46509401, 0.31484897, -0.64074024], [-0.73820774, 1.84691771, 1.45084271], [-0.01713439, 0.23984548, 2.10768015], [-1.59229687, -1.07960484, -0.34057652], [-0.56929249, 0.33589269, -1.52597434], [-0.53430015, -0.18237608, 0.00885787, 0.46237254, -0.24254951, -0.72474909, -1.07466441, 0.39264403, 0.99771988]], [[-1.59229687, 0.28779733], [1.34852705, 0.77983818], [-0.05773386, -0.55541802], [1.40279975, -1.59229687], [-0.11556003, 0.01958695], [1.45084271, 0.05881693], [0.32416621, -0.18835324, 0.58290778, 0.08953915, 0.08953915, 1.94415247]]]・[[array([ 0.01958695, -0.91100947,  0.43491826]), array([ 0.1511509 ,  0.62011693, -0.07015127]), array([ 1.56362608, -0.22722662,  0.31712176]), array([ 1.1464207 , -0.17392904,  0.05881693]), array([-0.08823935, -0.15489239, -0.64074024]), array([ 0.03291192,  0.51308661, -1.05368939]), array([-0.01713439,  0.64660008,  0.23282307]), array([ 0.78841493, -0.21855245, -1.91262356]), array([-0.47934564, -1.42389858,  0.02893575]), array([-0.11556003,  1.59548227,  0.95935224,  1.72928985, -1.11162297,
       -0.09587416,  0.69667238, -1.00017583,  0.21159738])], [array([ 0.01958695, -0.91100947,  0.43491826]), array([ 0.10715798,  0.17219452, -0.11556003]), array([ 1.40279975, -1.59229687, -0.11556003]), array([0.01958695, 1.45084271, 0.05881693]), array([-1.46916812,  0.31484897, -0.64074024]), array([ 0.00968568,  1.84691771, -1.05368939]), array([-0.01713439,  0.64660008, -0.89782151]), array([-0.74639409, -1.91992303, -0.13836944]), array([0.99746411, 0.98379206, 0.25586063]), array([-0.53430015, -0.18237608,  0.00885787,  0.46237254, -1.14553435,
       -0.72474909, -0.7338527 ,  0.39264403,  0.99771988])], [array([ 0.01958695, -0.91100947]), array([0.43491826, 0.1511509 ]), array([ 0.62011693, -0.07015127]), array([ 1.56362608, -0.22722662]), array([0.31712176, 1.1464207 ]), array([-0.17392904,  0.05881693]), array([-1.01553645, -0.42481006,  0.20461898, -2.14926422,  1.13026916,
        0.11866357])]]・[[[-0.72271078, -1.59229687, 1.40279975], [0.41566634, -0.60069551, -0.15407301], [-0.07889528, -0.96702336, -0.11556003], [1.35497627, 1.45084271, 0.05881693], [-1.43209897, 0.31484897, 0.01958695], [0.00968568, 1.84691771, 1.45084271], [-0.01713439, 0.64660008, 0.23282307], [-0.05773386, -0.99806517, -0.0985361], [1.79676653, -1.51949603, 1.08686575], [-0.29683884, 1.59548227, 0.95935224, 1.72928985, -0.81423408, 0.2483813, 0.69667238, -1.00017583, 0.21159738]], [[-0.72271078, -1.59229687, 1.40279975], [0.41566634, -0.60069551, -0.15407301], [-0.07889528, -0.96702336, -0.11556003], [1.35497627, 1.45084271, 0.05881693], [-1.43209897, 0.31484897, 0.01958695], [0.00968568, 1.84691771, 1.45084271], [-0.01713439, 0.64660008, 0.23282307], [-0.05773386, -0.99806517, -0.0985361], [1.79676653, -1.51949603, 1.08686575], [-0.53430015, -0.18237608, 0.00885787, 0.46237254, -1.14553435, -0.72474909, -0.7338527, 0.39264403, 1.52124449]], [[-0.72271078, -1.59229687], [1.40279975, 0.41566634], [-0.60069551, -0.15407301], [-0.07889528, -0.96702336], [-0.11556003, 1.35497627], [1.45084271, 0.05881693], [-1.01553645, -0.42481006, 0.20461898, -2.14926422, 1.13026916, 0.11866357]]]・[[array([ 0.61947907,  0.77983818, -0.96702336]), array([-0.28317225, -0.60069551,  1.05905587]), array([0.15927147, 0.4290693 , 0.31712176]), array([ 1.1464207 , -0.05773386,  0.10789391]), array([-1.46916812, -0.36563629,  0.35252097]), array([-1.59229687,  0.23282307,  0.03267851]), array([1.10922876, 0.98379206, 0.50202775]), array([ 0.27741682, -1.09494755,  0.57316037]), array([-0.87498177, -0.62627027,  0.26781494]), array([-0.29683884,  1.59548227,  0.95935224,  1.72928985, -0.81423408,
        0.2483813 ,  0.69667238, -1.00017583,  0.21159738])], [array([ 0.61947907,  0.77983818, -0.96702336]), array([-0.28317225, -0.60069551,  1.05905587]), array([0.15927147, 0.4290693 , 0.31712176]), array([1.1464207 , 1.45084271, 0.05881693]), array([-1.43209897,  0.31484897,  0.01958695]), array([0.00968568, 1.84691771, 1.45084271]), array([-0.01713439,  0.64660008,  0.23282307]), array([-0.05773386, -0.99806517, -0.0985361 ]), array([ 1.79676653, -1.51949603,  1.08686575]), array([-0.53430015, -0.18237608,  0.00885787,  0.46237254, -0.24254951,
       -0.72474909, -1.07466441,  0.39264403,  0.99771988])], [array([0.61947907, 0.77983818]), array([-0.96702336, -0.28317225]), array([-0.576811  ,  1.05905587]), array([0.15927147, 0.4290693 ]), array([0.31712176, 1.1464207 ]), array([-0.05773386,  0.10789391]), array([-1.01553645, -0.42481006,  0.20461898, -2.14926422,  1.13026916,
        0.11866357])]]
